119
165
126
124
119
6
91
106
52
18
112
82
138
42
51
77
134
148
113
143
17
150
52
103
40
71
18
24
127
114
69
66
120
68
123
131
110
23
168
101
70
166
54
155
38
166
85
3
37
4
148
117
79
153
10
114
112
101
169
65
149
164
92
7
15
7
45
17
68
111
-110
104
128
3
91
167
59
34
125
-103
60
110
65
46
89
166
134
150
126
99
137
131
115
141
64
48
8
126
41
113
100
7
159
54
110
82
139
23
138
140
96
130
131
168
143
127
55
140
118
104
1
143
3
19
127
81
130
30
116
122
76
42
122
28
83
170
104
135
63
38
48
95
30
149
163
28
122
68
146
68
1
105
12
30
141
126
140
86
95
163
95
141
115
147
24
95
85
170
15
84
82
147
119
53
25
127
96
68
108
83
99
126
136
24
133
65
86
95
142
110
47
61
139
97
161
102
11
108
3
95
57
119
117
3
105
32
168
27
42
70
14
12
81
52
64
138
19
121
16
37
103
123
34
137
30
20
58
-63
8
36
156
30
109
5
108
29
40
102
43
127
37
54
1
2
16
67
131
55
4
167
21
16
36
161
10
129
72
82
60
155
62
159
125
36
103
170
167
22
108
33
107
8
79
132
106
104
32
101
55
165
23
169
117
144
25
125
70
85
74
93
111
83
135
112
72
66
71
3
8
10
138
166
148
135
106
114
61
2
142
156
111
114
98
20
31
77
154
14
71
17
119
151
14
85
117
122
54
143
121
121
24
108
13
72
134
122
-326
76
158
59
-413
131
162
146
159
22
40
168
131
28
108
70
107
52
135
98
14
84
111
29
75
58
142
142
11
84
20
164
56
25
100
125
84
-205
86
63
147
61
132
22
24
52
6
41
10
94
9
14
52
73
74
16
137
145
82
140
138
149
29
42
139
37
116
36
140
103
41
90
106
147
131
95
164
93
136
67
134
18
151
163
113
106
15
70
93
24
7
29
115
10
135
152
126
82
71
75
94
64
126
164
19
60
153
117
57
155
37
11
24
54
51
66
27
82
67
74
78
7
130
153
14
120
39
23
13
110
61
114
117
78
4
112
-365
147
160
100
38
84
19
47
166
21
107
77
114
12
102
15
132
67
87
142
23
137
48
152
122
27
44
31
74
28
71
127
118
48
117
164
81
54
61
138
3
102
152
48
125
83
168
15
97
111
43
113
92
168
9
121
124
44
36
129
82
154
73
144
69
9
21
107
106
101
133
12
53
36
42
114
67
96
131
70
134
93
27
46
40
139
132
11
103
94
26
47
151
57
134
73
31
45
7
108
110
120
162
4
90
101
130
69
45
113
132
129
49
57
44
112
159
99
14
42
150
99
-319
144
98
18
117
157
116
164
14
170
106
67
142
160
33
10
80
111
73
147
75
47
19
103
115
64
11
9
3
110
85
97
56
72
158
10
90
110
26
14
47
159
60
-55
33
15
166
106
128
140
158
84
82
153
137
31
107
141
14
77
162
135
93
65
134
168
99
150
56
86
14
35
11
89
14
5
163
157
92
161
126
72
101
69
166
88
2
39
132
23
86
55
23
-419
104
14
78
73
116
66
150
87
11
25
32
6
42
155
58
97
123
161
57
57
109
132
3
33
78
108
130
140
48
168
41
123
140
116
46
4
123
149
6
6
49
2
74
29
49
167
42
55
130
86
124
101
40
9
121
113
93
10
80
5
145
77
147
39
11
147
143
121
128
25
130
49
95
89
145
54
50
77
61
154
95
32
77
141
95
121
128
74
36
55
46
69
136
150
38
142
69
93
60
102
112
123
46
169
31
158
147
37
115
149
116
54
40
144
31
89
162
151
17
167
117
141
157
56
42
122
24
57
58
38
87
117
167
122
27
120
11
35
73
63
118
39
22
147
64
120
133
71
56
18
102
150
77
147
9
18
163
129
16
58
126
10
24
89
148
68
117
114
56
147
110
98
69
118
104
166
137
76
108
15
10
162
3
52
145
47
130
161
158
86
94
42
8
159
126
137
81
170
124
30
17
99
149
48
93
53
35
131
6
12
83
92
139
65
31
32
145
36
129
124
14
96
105
93
87
88
101
138
112
5
158
78
65
28
137
77
134
16
8
54
54
169
151
22
97
57
155
15
116
6
152
84
53
33
156
57
1
24
147
1
26
63
76
170
33
160
85
127
100
26
149
27
107
159
37
115
102
117
39
133
75
54
18
23
101
170
12
6
8
99
16
127
163
97
82
132
28
4
42
78
25
22
3
120
141
38
71
94
162
68
102
109
71
145
16
58
34
160
29
31
147
6
107
123
26
156
27
74
50
28
43
94
147
85
114
103
162
35
110
156
133
100
149
52
134
53
24
115
148
-143
155
63
157
41
29
73
18
32
121
8
84
16
24
78
21
93
165
108
97
94
105
69
83
126
99
89
39
24
157
117
50
31
33
74
74
8
62
5
129
5
13
84
123
132
37
75
56
75
8
94
170
116
-386
147
119
163
35
143
44
22
25
108
147
143
96
123
153
73
155
93
50
103
157
104
25
116
52
43
166
123
43
133
152
148
43
170
18
15
149
119
167
-381
39
167
115
17
127
64
83
71
26
137
114
23
9
109
38
144
31
86
41
2
28
99
96
14
-112
170
6
164
21
143
162
23
65
72
148
156
33
66
84
55
77
82
150
-453
11
143
11
169
149
142
91
57
153
158
103
142
19
108
62
135
77
35
33
52
156
91
119
123
54
139
141
38
48
161
46
118
83
40
1
22
128
150
156
45
157
34
118
134
111
13
-388
56
100
20
39
45
85
156
129
35
39
106
64
116
118
140
153
15
134
44
17
113
101
76
152
85
32
119
146
68
52
148
98
92
87
42
87
61
78
77
80
21
57
163
159
81
114
63
170
133
84
77
118
122
87
21
116
80
85
118
77
78
82
151
125
58
78
30
58
132
44
78
18
124
122
49
109
33
147
142
123
38
142
80
51
33
87
80
44
123
50
156
166
144
97
117
77
42
159
30
16
167
26
158
80
14
113
122
22
153
41
162
95
70
16
166
41
146
97
114
147
58
54
84
52
31
158
58
26
94
163
170
56
148
156
73
35
49
37
88
17
-86
158
36
77
5
159
64
117
170
163
88
147
85
56
122
22
146
48
75
149
136
87
133
149
121
5
137
21
114
29
39
28
36
147
95
12
26
70
119
86
24
47
141
149
147
150
65
118
59
70
67
32
122
17
147
101
154
160
4
136
29
146
50
161
61
110
34
88
118
100
29
83
9
12
70
119
46
95
61
161
141
12
120
93
11
123
156
135
40
-358
101
107
3
115
146
74
96
135
38
3
169
99
104
164
61
40
22
-298
85
159
97
72
157
168
135
164
146
33
148
37
113
23
142
56
129
150
137
103
97
29
162
34
40
123
102
25
60
42
166
65
83
36
117
158
160
135
155
107
143
127
93
60
107
155
36
51
7
67
78
161
83
-121
78
124
83
160
78
47
83
80
114
32
85
29
51
104
31
151
121
91
110
27
157
48
75
85
152
158
69
125
58
92
13
139
150
25
147
79
-199
141
113
-429
143
58
11
34
128
122
59
14
50
148
166
112
73
46
63
74
32
109
18
68
40
128
147
117
115
160
101
106
158
170
-69
128
154
82
92
158
152
12
86
75
59
125
124
153
142
151
48
113
20
154
58
82
133
107
32
40
20
98
30
87
117
110
93
153
27
15
156
125
148
90
136
17
134
2
136
114
18
74
170
78
9
73
118
126
126
110
132
115
33
133
160
104
76
36
74
126
158
78
123
81
15
44
91
66
67
156
49
84
26
140
92
66
52
95
4
-184
31
139
4
113
73
22
75
140
116
14
121
169
124
50
11
155
143
71
147
55
27
154
91
64
153
131
139
33
137
136
154
114
46
31
125
136
133
158
52
98
163
84
151
123
92
146
10
31
95
92
107
49
137
60
5
31
118
2
54
37
12
-295
54
8
117
55
15
50
96
153
134
68
25
152
64
5
112
93
11
83
151
32
87
14
122
67
166
94
119
42
-210
152
103
103
114
144
5
121
12
18
-487
42
167
152
72
27
21
130
102
69
83
142
100
133
22
39
71
158
-28
43
115
85
145
27
152
50
90
80
128
50
143
115
133
42
4
95
75
134
164
5
68
162
33
53
17
30
35
57
113
71
70
18
109
43
37
60
131
18
94
164
104
20
107
168
111
4
147
166
13
31
93
160
142
144
104
119
86
111
153
157
97
105
167
5
47
162
77
71
164
13
60
152
153
42
116
84
28
9
61
23
136
34
163
68
-73
124
91
126
118
6
36
40
93
42
14
81
135
151
49
20
170
3
23
138
119
8
30
119
43
142
58
54
28
67
21
118
16
134
108
127
85
71
156
159
12
30
99
72
102
30
65
158
125
86
58
134
72
38
169
166
68
143
73
152
148
116
59
147
100
146
112
48
160
102
28
78
98
47
153
25
102
21
128
4
111
121
19
157
154
74
22
166
166
87
99
15
71
159
142
84
78
122
170
132
64
92
92
146
94
13
47
58
160
69
56
109
48
49
156
45
158
56
-67
38
83
91
20
137
136
91
108
27
3
81
155
108
118
58
156
94
57
170
23
133
51
27
80
74
71
53
50
145
38
152
143
139
146
125
135
5
61
73
88
21
70
168
64
108
13
86
96
166
23
33
160
157
129
67
22
38
48
117
137
161
119
46
34
16
95
162
16
168
45
61
107
49
6
130
7
136
102
138
166
27
16
63
119
30
169
152
166
22
57
2
37
57
81
92
137
7
166
60
60
1
159
45
67
123
45
63
98
146
140
116
6
52
164
110
140
114
77
77
162
3
21
30
103
94
94
5
88
7
166
109
89
146
156
6
29
169
126
116
1
157
90
113
10
33
12
3
148
28
82
15
17
88
38
169
17
45
25
27
60
52
20
117
36
99
6
15
12
89
141
154
139
68
85
170
97
62
38
114
48
62
103
19
90
92
84
69
19
7
81
82
109
98
53
74
92
67
50
150
34
51
77
155
56
168
140
104
138
67
114
60
140
71
63
61
42
64
54
121
161
57
61
119
77
114
28
45
168
168
79
9
95
106
39
138
27
159
149
125
169
2
168
31
153
132
43
130
161
142
24
103
21
165
156
14
82
6
75
102
26
81
30
145
102
57
108
90
139
92
112
45
66
101
83
120
35
135
79
119
48
87
16
38
104
161
139
16
150
127
22
130
109
111
127
119
158
144
146
2
144
158
102
91
24
46
70
74
14
11
21
11
76
76
151
107
130
53
2
7
114
126
17
135
43
-390
40
155
113
26
170
3
122
110
168
71
99
74
17
57
52
145
54
16
162
79
77
110
128
56
13
130
110
127
160
112
9
57
148
104
106
152
3
100
150
99
46
44
150
1
117
127
166
60
32
47
96
69
100
39
54
4
52
54
40
5
141
155
114
161
60
130
122
12
103
105
36
22
125
95
36
103
115
156
141
38
123
71
165
112
11
162
30
126
165
58
29
79
92
126
7
169
119
36
85
161
126
64
36
104
132
33
143
73
99
107
109
62
71
47
122
73
41
138
137
80
84
37
142
158
30
23
119
165
54
103
142
-157
135
25
166
100
110
130
49
131
114
133
-315
121
79
141
54
12
154
169
38
143
86
129
10
114
67
134
80
140
155
130
50
1
90
98
-148
102
65
70
99
40
10
98
21
44
169
157
85
64
2
57
35
65
2
79
38
77
94
119
119
110
33
45
43
26
101
158
81
125
89
73
106
41
31
52
101
105
154
112
148
161
142
14
64
45
17
153
113
-306
155
11
95
45
30
25
143
60
88
56
82
22
12
113
76
139
119
72
70
109
103
1
49
20
71
111
153
45
33
31
156
83
151
145
134
98
144
52
49
120
164
42
3
36
130
31
7
51
9
142
10
138
64
142
122
106
84
14
30
35
126
31
62
150
46
49
148
89
108
13
170
80
86
18
37
101
73
117
58
113
29
108
133
170
155
69
68
91
123
41
38
163
100
167
7
76
7
99
130
53
55
82
134
118
114
91
77
73
49
116
112
166
66
67
41
43
27
85
92
141
144
149
108
102
87
164
44
93
131
20
118
27
32
-218
78
9
49
67
132
20
46
123
138
157
34
159
164
11
152
44
14
84
111
72
98
164
73
148
37
31
169
86
100
5
84
126
74
123
141
93
120
74
109
36
137
119
72
36
99
41
4
169
60
9
25
4
60
48
118
53
100
159
117
119
110
31
73
79
83
89
164
169
57
66
1
99
159
117
143
25
41
34
24
42
73
62
136
137
79
40
148
1
29
-389
109
78
151
163
116
4
2
98
165
148
53
60
127
83
83
126
46
128
41
44
23
17
59
107
38
125
36
71
125
79
86
143
85
129
112
114
167
147
28
36
31
55
165
111
151
34
26
101
86
117
65
53
68
121
141
33
95
126
2
122
52
156
32
114
25
114
35
68
32
28
104
34
145
84
19
-417
28
85
80
128
8
119
91
112
133
2
36
8
83
5
138
97
11
59
18
105
147
76
104
110
170
81
50
108
83
158
141
46
35
7
104
116
15
140
1
47
11
8
164
67
142
27
81
115
61
103
67
78
114
3
75
62
147
86
137
63
2
133
44
125
80
80
146
169
68
114
123
100
78
160
100
35
3
77
86
28
146
61
81
43
22
93
135
58
5
34
115
76
31
54
40
27
97
40
45
50
98
115
21
59
40
77
101
65
69
116
138
110
13
132
47
140
111
35
109
115
135
74
76
137
16
79
112
64
166
115
106
39
74
132
60
106
100
169
147
90
166
13
127
157
27
76
2
99
134
33
22
62
37
123
12
92
29
155
62
48
11
49
149
107
31
42
145
95
-141
97
86
168
60
100
111
99
102
156
160
90
114
140
164
133
169
37
144
75
90
39
22
123
106
78
17
59
114
108
78
66
70
133
35
22
14
26
119
106
122
3
74
165
65
128
31
87
151
39
115
102
136
15
53
53
99
81
126
106
143
24
26
169
127
116
1
136
25
52
18
169
22
94
67
16
169
168
125
157
146
144
109
109
110
145
147
161
134
49
67
49
17
95
87
136
99
99
126
110
66
25
66
115
91
143
27
85
52
16
89
32
139
33
126
168
26
167
81
83
24
144
34
77
108
149
80
100
159
30
55
70
73
136
109
67
65
102
57
103
9
158
22
74
12
23
31
157
32
29
126
5
78
113
42
45
164
7
51
50
142
58
104
74
142
156
60
-339
163
149
17
137
73
166
55
66
24
-437
69
120
93
96
58
68
34
62
96
140
80
105
22
119
22
80
12
3
107
109
11
42
45
78
67
52
91
44
96
136
34
47
80
157
153
13
155
8
29
98
98
144
150
79
109
44
112
9
120
33
129
126
93
116
37
162
162
97
76
32
141
28
50
139
30
40
91
13
14
88
149
17
113
40
94
81
55
72
147
14
161
58
86
79
170
33
50
37
2
42
89
123
145
45
125
26
143
14
126
77
152
79
160
83
119
120
28
51
113
65
151
23
92
14
80
137
103
75
107
128
152
147
44
82
124
114
124
79
148
54
130
147
114
37
165
60
10
146
142
38
3
98
25
35
169
64
98
106
76
32
8
138
164
39
42
31
53
155
28
142
84
55
117
107
110
8
81
162
73
81
109
29
37
134
90
2
92
60
125
47
162
86
131
100
144
3
159
69
123
1
96
66
26
42
108
114
30
153
41
83
82
148
61
87
35
110
165
80
3
146
113
137
131
64
33
28
96
157
103
27
113
109
31
38
51
36
93
140
95
107
167
147
29
162
139
94
91
13
52
69
32
170
40
146
30
154
111
138
61
73
91
23
146
7
151
154
54
136
12
43
76
105
94
117
131
34
97
156
14
124
26
98
99
139
14
100
56
36
19
106
-2
19
133
62
46
169
88
65
127
96
141
138
161
144
104
150
89
52
118
89
48
117
128
25
157
67
57
89
133
38
70
167
69
116
111
9
122
50
104
71
151
149
43
154
129
92
41
131
97
108
163
153
146
160
7
78
148
51
109
75
31
-448
139
151
-265
158
100
66
72
20
3
104
60
163
133
19
67
142
124
67
98
75
122
81
6
59
138
97
14
14
120
130
144
112
44
54
76
54
-27
130
32
60
58
64
59
59
91
127
150
28
87
91
161
16
88
128
139
170
117
38
120
158
79
5
110
1
24
106
83
116
80
35
112
150
84
57
24
147
77
43
169
131
92
125
17
141
127
131
20
33
1
122
37
43
15
144
40
61
75
38
86
78
137
122
114
152
153
38
106
148
62
118
26
158
83
153
101
30
7
88
76
163
108
163
125
60
161
12
74
163
153
12
80
154
15
121
5
123
35
26
50
162
69
90
29
112
115
107
139
126
141
38
135
62
33
120
168
158
60
6
123
123
38
66
95
126
75
136
55
28
118
77
155
143
33
101
155
35
43
73
64
45
15
49
32
133
34
142
88
24
151
38
-358
105
61
74
128
61
5
6
46
141
49
53
71
95
151
161
145
18
19
163
74
137
92
78
47
94
85
55
124
15
127
150
120
28
37
90
109
116
44
41
58
97
97
34
168
17
88
28
15
88
71
67
51
61
20
162
138
94
16
83
53
165
156
62
121
52
33
17
2
31
80
71
39
72
135
47
93
33
70
163
129
45
56
26
68
34
158
33
9
168
70
119
40
37
153
11
143
82
73
138
163
155
149
142
99
138
167
144
122
169
77
157
53
139
20
44
163
91
44
63
-173
114
96
57
91
151
70
97
94
168
131
101
57
8
22
6
31
58
2
24
42
118
91
56
3
126
129
155
142
17
151
122
128
5
119
21
107
64
152
17
136
-478
33
125
46
38
64
38
112
100
14
85
120
84
102
21
136
20
107
30
88
42
136
90
29
50
8
4
87
108
-215
65
80
117
36
49
82
155
144
164
100
144
25
148
-44
38
137
146
124
128
113
136
169
56
111
14
56
134
165
140
153
53
111
23
35
155
113
69
167
28
163
32
2
135
39
10
13
155
121
-334
63
24
164
149
125
90
30
41
18
105
50
2
93
155
21
45
135
8
155
150
73
144
77
44
30
115
148
123
168
158
37
149
164
15
59
117
57
43
124
142
148
64
144
87
129
9
16
87
102
142
60
106
157
141
157
51
112
47
98
77
168
61
123
52
26
36
153
148
24
1
123
129
28
163
15
166
169
136
61
163
117
66
133
85
56
90
141
95
80
166
94
50
165
41
157
142
62
151
57
30
27
14
30
115
32
99
-226
66
30
162
125
12
99
13
138
163
155
130
27
128
117
157
147
-179
152
118
23
90
83
57
109
109
28
58
11
65
23
138
142
100
156
57
79
64
168
10
35
41
33
46
160
161
82
121
118
79
61
34
169
141
16
46
56
100
5
30
91
116
42
63
118
98
124
126
60
96
84
108
155
154
128
70
-245
107
139
48
120
134
58
36
60
19
153
130
61
108
102
122
34
19
79
147
165
96
5
148
35
41
40
45
148
109
47
20
30
18
95
141
127
5
122
61
166
5
142
86
142
63
52
95
36
124
95
38
91
69
111
156
169
73
38
170
170
71
164
38
39
169
-169
132
168
99
139
116
139
29
166
133
14
57
3
121
52
130
88
9
137
50
132
149
109
43
105
128
35
29
18
5
123
20
66
114
4
18
159
17
151
89
98
23
151
31
127
46
137
149
160
13
158
90
68
98
36
73
24
72
141
79
166
150
161
148
42
157
91
6
65
75
124
28
116
125
6
53
106
45
30
150
87
29
70
64
76
34
106
135
154
20
30
53
112
170
72
32
142
142
109
54
22
94
67
142
162
53
74
52
100
141
159
87
144
86
5
106
45
123
126
108
11
50
102
154
45
68
14
1
82
88
22
20
23
156
44
142
33
-88
119
114
27
41
121
154
166
68
7
92
27
137
51
64
134
49
83
97
148
41
14
23
48
136
165
71
20
93
18
141
100
126
144
124
19
69
147
29
165
143
101
124
2
165
100
30
50
126
159
33
120
101
122
161
79
32
60
73
38
148
31
7
109
84
5
28
145
110
153
130
58
32
118
125
31
91
135
5
139
161
36
163
9
87
79
142
9
23
73
83
158
80
123
77
105
142
57
36
3
46
-268
13
96
1
84
26
62
24
39
123
30
8
63
70
103
14
169
158
139
46
145
16
42
13
116
80
147
87
148
63
166
135
12
63
158
144
170
20
74
39
150
106
155
134
88
115
83
159
112
69
34
141
44
24
75
47
67
99
60
12
45
64
106
164
133
142
76
81
12
114
128
67
101
61
159
31
40
98
26
167
33
143
159
157
166
43
157
12
22
59
76
76
167
43
-127
7
28
167
59
65
63
60
19
137
76
26
169
142
72
84
147
97
62
16
128
2
166
95
138
134
69
77
132
5
138
62
4
28
99
124
44
106
156
84
159
22
5
125
130
20
58
45
130
20
138
161
34
118
126
154
22
91
62
44
10
152
71
91
85
138
53
-175
104
64
46
41
166
120
170
77
89
18
115
93
77
1
24
44
50
69
21
113
34
137
51
84
166
110
24
27
148
36
10
72
22
36
47
102
128
50
52
147
160
102
103
59
165
112
86
146
77
29
117
8
113
32
154
128
67
71
162
43
120
41
19
147
126
85
92
166
113
57
11
76
134
33
50
23
71
85
77
103
146
80
38
81
148
73
43
39
118
88
54
1
80
34
35
163
135
65
121
61
144
167
156
147
120
119
107
60
126
111
80
67
12
167
10
146
87
33
118
48
170
45
38
147
52
3
18
137
50
146
35
130
8
53
99
115
14
10
76
71
111
148
21
37
109
128
39
18
35
110
99
6
157
101
126
4
96
18
97
49
123
154
-192
163
36
162
166
148
148
166
68
156
87
15
103
71
43
150
130
131
139
167
117
94
159
8
77
67
132
129
51
78
162
122
31
126
126
146
118
56
163
7
16
53
28
100
93
60
70
161
64
90
158
54
89
84
16
103
81
96
-467
89
133
28
98
139
91
43
115
126
54
51
75
114
145
114
27
40
91
135
-388
142
145
1
6
39
128
49
169
88
104
74
9
3
123
170
114
72
31
36
19
90
151
150
56
63
153
71
125
83
164
69
45
32
43
65
18
7
60
93
137
117
102
169
154
152
83
138
9
138
84
32
133
143
137
163
38
83
72
164
27
85
86
106
144
47
24
107
18
58
129
42
30
126
16
49
75
122
115
145
151
108
1
81
53
49
128
4
64
97
48
35
64
60
127
128
3
3
-221
167
53
147
170
140
169
162
169
23
155
153
86
128
108
83
41
91
113
44
89
170
137
6
98
88
46
3
12
130
61
166
85
124
36
153
36
36
33
93
24
119
156
125
143
103
121
111
46
111
29
35
122
7
105
102
97
151
167
127
38
12
-134
139
129
136
104
35
111
98
162
124
120
93
40
120
78
17
12
146
78
19
69
87
56
155
158
15
15
154
46
97
145
139
139
13
12
136
101
122
59
144
7
96
42
30
40
99
95
-88
87
34
73
87
42
160
135
-485
35
161
77
79
117
96
84
-358
30
161
144
78
86
123
90
85
123
157
151
136
35
20
50
161
14
57
78
34
90
-165
135
71
146
101
68
108
134
5
81
79
84
59
46
128
123
2
16
71
160
107
98
108
116
44
5
56
154
-242
155
66
159
67
25
-47
125
26
92
80
138
104
162
99
165
26
139
117
8
157
77
16
34
130
101
143
48
21
18
53
75
17
46
36
111
20
132
92
162
7
90
137
66
13
151
94
64
148
135
11
147
41
35
7
153
129
6
154
1
33
82
125
105
64
106
30
91
150
117
155
86
143
49
42
59
24
22
62
151
83
134
161
129
124
42
134
85
49
98
135
7
17
162
39
34
70
139
111
71
76
123
78
64
36
122
82
148
4
104
3
81
125
41
161
159
97
153
94
-443
104
124
82
73
93
47
67
54
48
146
110
140
151
85
76
71
85
159
86
-484
119
122
68
76
63
104
132
-460
24
150
72
91
72
163
155
46
32
116
158
27
167
22
160
30
92
98
64
1
116
139
78
113
161
19
62
64
160
162
148
164
113
129
125
142
111
44
65
115
74
136
13
82
68
119
143
38
155
21
71
72
134
27
133
47
112
23
95
124
58
136
7
52
141
161
2
51
103
132
78
74
65
27
69
128
12
106
28
47
156
40
82
11
128
1
117
61
76
44
8
38
116
168
4
69
3
128
102
160
40
129
43
29
81
118
37
110
132
151
63
33
69
152
159
17
154
131
90
61
108
45
130
118
6
169
122
51
34
21
130
8
34
156
78
47
57
21
102
104
144
118
37
44
143
165
69
58
69
152
91
77
18
141
9
93
59
77
130
31
128
70
95
108
93
169
8
148
63
110
63
164
-57
2
38
78
29
170
65
108
137
32
54
160
106
97
72
48
161
108
130
76
4
16
36
156
71
133
18
9
72
46
39
125
21
107
108
51
6
125
82
81
15
37
115
129
99
114
74
64
152
144
26
140
134
53
98
-80
164
145
78
17
102
164
12
43
92
93
170
36
105
100
149
112
28
25
146
69
107
31
79
37
79
14
99
21
45
80
121
167
58
28
157
152
41
131
117
101
22
126
68
14
81
92
107
135
52
121
8
3
16
92
14
147
60
132
104
119
4
55
55
49
122
145
11
94
52
93
156
138
53
111
71
69
138
10
37
168
75
65
102
167
49
30
157
126
76
151
27
66
-18
135
17
139
44
29
58
8
167
69
88
101
80
24
98
3
16
120
90
21
58
106
109
164
22
140
3
52
100
61
148
168
107
129
28
102
52
38
26
149
154
87
109
67
148
155
33
100
128
144
11
121
155
152
134
129
3
17
131
117
123
52
46
43
96
70
49
165
43
69
153
85
82
25
112
128
31
4
96
107
62
115
91
164
108
132
104
81
45
82
138
86
152
124
161
115
26
118
79
156
31
82
75
11
128
13
155
12
144
40
147
128
115
89
75
6
19
155
131
163
92
80
40
121
67
76
105
83
107
160
163
130
23
25
9
119
50
144
22
132
44
42
108
49
159
11
10
81
150
77
104
20
125
56
57
-52
113
86
61
88
151
20
120
13
168
37
76
93
63
64
87
143
90
26
119
121
142
169
84
142
155
49
37
29
40
3
93
31
109
134
118
52
14
159
126
57
170
97
55
67
114
88
59
55
7
52
35
133
12
140
4
98
109
166
26
35
29
99
96
115
38
13
107
55
72
77
157
37
77
26
53
94
24
47
58
58
165
73
106
54
85
150
81
12
82
95
46
21
61
113
52
80
131
99
79
64
63
130
9
89
78
18
137
46
9
163
32
77
54
89
4
114
95
133
48
98
81
81
44
19
25
133
68
168
104
114
136
114
109
117
41
132
45
95
57
54
10
166
98
37
107
166
153
144
55
160
107
168
145
124
143
114
12
102
67
165
71
47
38
121
112
152
144
22
5
85
45
62
110
43
167
5
13
111
4
110
78
72
153
50
43
124
92
44
43
51
170
129
87
128
19
46
107
168
130
110
2
124
64
42
168
142
150
126
155
6
63
84
122
86
32
165
107
95
68
152
82
10
10
27
129
36
153
79
116
81
98
73
113
12
15
92
45
76
71
117
34
152
22
11
64
129
98
105
82
146
89
34
145
72
131
103
51
37
70
20
142
159
-76
166
76
152
17
166
155
-311
137
24
125
157
110
69
107
6
62
131
109
103
20
130
107
49
95
26
80
152
40
34
33
27
167
108
98
109
7
99
165
105
33
139
83
29
45
125
8
38
42
135
98
23
66
20
90
140
138
94
139
77
78
112
34
36
153
55
105
80
24
65
118
23
105
46
41
92
97
169
58
39
168
7
142
88
41
155
84
88
130
40
9
62
138
23
88
97
38
124
76
58
-421
96
121
52
137
157
20
81
147
55
14
108
39
30
127
68
92
116
90
83
131
73
169
55
34
77
138
25
60
29
131
81
139
46
95
54
43
147
33
66
85
119
127
-384
170
147
111
18
119
89
30
136
87
105
71
24
52
20
158
40
112
154
152
97
99
94
77
42
112
81
15
47
113
139
109
14
99
92
5
54
76
42
169
152
19
1
111
76
112
45
39
28
1
162
151
97
147
117
53
155
6
37
116
2
81
48
74
77
134
150
121
118
36
-352
22
143
78
1
140
88
32
150
145
47
29
152
104
126
48
-484
122
37
132
83
46
99
91
40
23
81
29
85
42
167
156
46
142
114
20
58
5
39
76
79
84
102
165
46
62
26
151
41
129
65
120
100
18
89
38
44
12
125
39
153
66
143
145
39
4
133
126
14
44
117
-271
16
79
8
149
110
140
39
110
53
43
155
136
60
98
34
6
58
39
121
11
12
125
133
107
123
40
69
50
78
152
51
31
151
13
41
64
101
32
124
124
61
15
109
75
126
89
37
81
19
35
11
65
144
52
129
28
16
8
71
89
96
105
8
141
118
94
35
139
2
140
35
143
20
27
76
29
55
115
130
66
53
48
29
74
69
61
131
-198
6
54
34
116
34
104
115
21
90
103
22
96
146
7
90
68
35
18
144
-464
165
150
22
19
169
36
70
145
14
79
33
40
126
51
26
28
15
69
8
3
19
116
76
122
167
134
62
27
127
31
-306
134
54
36
159
140
44
75
138
16
32
113
166
79
111
128
66
142
31
109
74
119
170
165
3
110
146
48
152
71
70
91
154
121
165
147
156
126
159
102
127
147
112
-488
26
98
116
112
154
29
163
26
6
123
167
2
92
119
81
72
9
88
48
38
18
116
96
168
-393
161
168
39
153
98
38
167
112
164
42
72
26
10
76
100
29
108
158
64
18
165
72
163
160
13
151
38
89
143
144
54
139
129
28
90
145
138
1
31
127
124
43
166
110
105
2
31
129
89
133
55
86
39
127
9
86
28
165
28
19
164
93
58
144
3
115
135
151
23
162
118
55
102
169
-191
26
109
121
97
19
129
109
85
78
43
133
51
144
158
45
116
29
35
4
149
32
68
90
40
125
67
66
102
49
110
75
158
55
143
15
49
167
41
157
152
46
11
138
29
57
86
86
82
153
57
134
14
45
125
88
127
160
90
157
129
97
58
138
96
81
9
156
96
71
33
125
58
52
36
142
156
75
103
100
151
122
76
85
98
112
170
24
111
126
15
150
26
119
148
64
107
33
96
149
164
170
105
42
76
101
136
162
151
14
26
6
83
23
93
66
138
45
165
108
127
150
-392
150
11
142
159
35
1
11
82
96
24
25
25
140
53
153
128
49
64
36
62
40
10
150
120
77
84
62
148
13
15
28
136
56
129
112
20
99
144
-381
30
42
99
75
60
169
103
144
168
24
140
42
58
35
74
74
122
140
78
19
21
130
117
50
81
121
158
19
144
161
47
50
126
166
88
85
26
-213
71
148
21
83
71
98
22
10
40
150
160
146
78
167
61
73
141
93
163
105
132
127
144
120
35
64
118
105
26
112
139
8
68
9
24
118
164
51
107
69
106
65
122
46
85
101
52
166
106
47
125
16
57
88
75
103
166
145
62
85
76
160
141
32
119
92
158
98
165
2
10
129
41
33
137
61
161
9
51
151
94
156
162
72
154
30
166
3
122
147
5
169
24
10
64
47
36
127
168
30
87
112
43
40
9
132
148
15
90
105
11
32
121
23
62
151
107
93
123
65
157
47
88
59
121
101
65
26
95
51
28
99
139
52
53
164
64
130
-339
110
38
90
146
47
26
25
157
123
18
-375
42
107
114
121
10
84
106
10
138
61
119
121
62
167
115
2
152
24
8
57
144
6
155
105
106
102
148
150
139
116
7
3
15
161
133
3
68
24
26
21
13
161
126
9
145
119
166
95
89
134
18
91
15
97
84
155
159
81
22
108
54
16
-417
12
109
13
102
21
169
28
168
141
79
67
29
141
46
72
30
166
81
138
69
159
136
-324
16
35
43
101
2
93
90
122
131
97
159
122
31
77
72
2
145
64
12
57
94
136
26
169
145
32
145
43
133
157
33
106
81
59
63
34
126
165
-448
33
156
113
85
14
98
71
138
59
48
130
80
82
120
120
102
77
169
70
26
158
34
30
70
167
157
55
62
122
163
71
-286
163
164
156
50
85
19
44
98
78
111
11
28
81
163
80
77
24
100
101
163
52
131
101
132
74
94
-175
19
-402
13
26
84
1
130
107
22
126
112
78
7
168
122
153
129
72
47
72
165
134
82
73
118
57
59
104
136
23
138
155
8
86
132
161
46
151
126
31
98
44
93
27
52
170
68
167
16
53
155
156
41
24
138
26
148
139
151
159
150
60
151
118
143
-460
61
162
8
59
66
27
12
139
84
66
161
137
32
68
19
50
134
78
118
124
96
74
54
1
167
18
112
57
99
122
127
44
106
113
124
17
91
47
61
8
119
130
73
100
38
42
79
97
16
170
91
50
7
17
89
27
98
159
168
107
35
78
44
120
142
51
163
18
153
12
71
23
126
46
42
70
162
48
127
93
59
34
100
78
94
137
12
73
125
52
19
150
44
55
143
139
55
94
76
162
115
104
92
30
102
72
96
170
44
118
138
102
129
98
25
77
22
46
49
46
128
99
121
46
138
151
145
111
142
85
90
50
94
99
54
38
59
123
17
152
45
117
94
18
-350
153
152
19
41
89
63
106
92
56
154
150
65
111
109
147
155
72
96
100
48
21
112
6
78
124
118
129
66
5
5
125
84
7
145
49
133
37
68
158
106
61
121
146
134
17
82
29
49
57
48
136
73
3
59
144
167
160
83
118
95
122
10
145
62
108
116
152
24
20
12
87
48
107
15
157
96
87
98
150
52
99
150
140
99
50
149
46
127
22
14
89
22
47
14
28
121
70
130
33
49
144
170
112
5
93
105
146
116
12
137
161
11
77
21
56
67
24
105
70
63
73
13
121
75
81
131
129
26
86
99
47
52
63
60
4
45
116
70
16
59
150
163
50
131
45
86
61
112
131
45
12
28
105
113
84
12
62
12
28
37
84
158
67
155
131
63
135
121
61
159
170
121
93
127
136
167
109
134
159
98
149
31
34
83
117
99
106
85
-168
32
-10
17
47
95
161
61
13
69
25
32
14
105
86
-133
109
112
138
1
87
97
161
24
79
115
149
109
149
132
147
111
87
155
138
21
40
62
4
2
166
102
44
141
155
145
122
84
156
98
167
11
85
1
152
61
100
147
2
94
74
120
59
-264
124
56
15
118
46
13
163
158
25
162
170
168
95
91
119
61
151
38
92
103
11
142
108
65
101
155
2
122
52
114
138
19
63
127
91
121
96
23
103
37
121
134
110
162
100
25
164
164
163
66
71
122
102
154
101
39
33
152
100
162
56
102
74
141
25
49
153
91
109
23
23
21
138
40
55
70
121
122
102
109
102
133
45
63
143
15
157
13
147
79
39
16
114
144
85
56
1
34
28
94
44
73
102
25
72
16
62
129
127
137
45
145
99
12
146
49
164
122
67
133
50
54
127
169
165
140
97
87
107
36
130
164
143
124
14
137
133
160
106
106
45
73
59
123
142
73
164
145
20
125
129
72
93
61
21
149
67
65
165
162
112
66
60
27
109
35
109
166
3
170
116
25
121
96
162
62
127
67
130
135
141
161
104
45
132
126
8
18
14
150
135
138
148
103
118
33
57
164
157
156
96
93
54
41
148
132
169
97
4
147
159
2
91
70
118
29
74
27
40
7
35
35
32
120
48
2
125
75
47
52
140
1
105
148
101
102
159
43
94
54
88
81
75
67
1
89
103
21
41
89
107
51
22
15
93
27
160
97
79
63
134
115
145
50
92
63
74
31
20
114
40
149
110
159
123
157
113
46
132
109
44
53
37
60
120
35
121
24
9
86
51
60
74
41
139
20
147
77
61
134
134
29
37
11
11
116
100
149
104
89
141
127
41
24
69
30
122
139
164
93
133
23
135
164
47
146
123
106
53
47
50
134
4
164
49
30
67
32
30
55
84
29
130
117
40
36
164
71
7
160
150
33
18
95
165
134
165
30
13
111
1
37
17
72
14
88
149
112
35
167
151
20
14
125
29
143
62
-497
-364
6
2
-456
63
88
132
127
156
114
16
158
71
127
165
99
154
140
32
62
11
167
163
111
73
151
58
19
55
45
66
120
169
86
87
96
15
61
126
32
149
94
141
153
106
140
129
97
88
124
17
81
115
75
94
2
119
21
82
31
168
84
106
169
122
134
111
10
124
126
84
15
113
66
24
163
73
89
107
73
1
135
19
36
45
115
3
65
137
130
-317
98
64
102
53
35
98
167
26
21
45
21
109
61
41
61
134
28
129
148
135
61
146
64
103
29
124
50
147
99
49
106
68
3
22
61
166
139
114
64
101
26
17
3
24
40
81
60
59
99
57
75
18
144
68
147
75
102
136
34
6
31
164
137
23
29
37
126
24
86
128
75
100
93
140
50
3
87
122
114
18
56
73
116
73
10
97
91
117
143
26
139
42
70
40
40
96
88
50
150
121
53
90
134
37
159
157
161
131
137
74
110
122
1
12
148
97
52
85
69
92
42
124
4
62
159
15
104
18
89
49
127
140
92
3
10
63
40
105
41
125
12
162
125
168
73
164
128
17
49
115
76
27
9
164
106
62
44
3
75
45
65
107
121
127
115
148
16
98
48
154
106
132
2
60
149
117
9
69
54
9
151
37
143
24
169
157
128
74
66
65
70
2
54
155
107
124
162
105
57
89
166
110
34
118
12
150
10
96
22
23
35
165
80
161
153
113
59
132
117
102
117
74
3
151
124
146
34
141
55
14
47
69
81
158
94
141
150
112
2
138
155
128
3
36
63
2
11
22
73
118
31
101
56
35
37
117
19
21
112
162
36
98
116
66
116
135
80
163
79
101
136
59
123
137
39
66
16
13
76
83
17
14
19
118
96
134
163
39
18
87
164
69
41
154
14
107
130
100
110
109
37
76
104
8
50
38
36
95
145
135
120
17
155
110
158
89
166
133
14
106
146
6
22
168
114
25
22
6
83
144
39
58
17
96
159
31
37
170
63
88
28
113
77
-375
85
144
76
72
161
42
64
38
106
112
68
118
139
3
60
3
35
20
43
104
119
54
78
159
84
16
78
117
110
18169
89
110
100
72
6
163
100
100
66
136
4
85
12
55
24
125
136
165
88
16
127
68
165
158
17
70
57
6
153
19
22
68
54
62
131
59
50
127
46
13
81
93
57
125
76
166
70
101
41
24
77
43
131
96
78
59
7
106
87
152
90
168
33
161
39
25
154
95
165
7
53
155
108
1
97
107
63
97
130
103
80
116
152
93
149
56
92
147
17
22
127
73
27
-121
161
40
91
59
21
63
40
168
143
131
167
14
28
138
102
57
97
95
135
78
155
22
169
70
92
43
87
145
31
14
98
103
102
140
1
41
165
81
163
124
168
74
115
161
153
103
41
155
64
105
116
53
103
114
80
98
2
101
122
11
133
57
1
6
53
120
78
2
32
22
60
72
112
116
144
59
-362
22
87
95
146
134
166
137
3
22
43
88
156
102
70
32
47
34
40
13
160
76
106
36
94
79
16
31
105
138
96
48
98
149
50
27
114
76
46
148
142
89
4
151
20
90
158
64
57
155
138
81
108
18
72
55
113
163
166
111
45
64
75
125
140
149
156
17
10
115
55
99
153
109
6
-33
64
79
-141
106
65
155
3
24
51
21
48
64
157
146
78
118
7
111
136
153
90
103
87
15
129
148
98
49
153
127
20
34
58
131
156
36
34
118
81
79
14
151
36
143
120
92
141
108
108
125
37
68
114
90
106
129
132
24
154
31
21
85
169
4
18
151
103
46
124
113
160
114
43
76
41
159
15
44
119
8
110
155
151
169
142
170
109
78
32
51
154
117
44
97
129
30
142
47
152
18
146
74
154
117
9
37
123
99
99
131
100
170
81
135
46
145
34
145
61
110
110
142
135
127
113
118
-306
124
82
78
23
84
107
92
47
143
113
9
42
157
153
61
126
114
167
65
97
138
141
76
10
28
158
29
97
50
33
31
3
166
168
138
58
2
113
116
165
90
82
10
22
70
103
43
36
41
96
9
37
111
68
27
-151
119
19
73
4
140
103
170
31
14
49
102
68
113
163
92
5
154
96
83
21
31
39
-123
152
28
136
115
23
4
2
86
7
33
136
43
102
46
163
141
2
146
34
62
12
31
59
75
20
60
92
88
106
81
78
65
97
92
105
39
40
142
117
138
13
93
74
77
53
56
120
39
4
117
23
44
42
111
53
5
28
111
51
147
152
72
130
167
26
165
48
149
156
121
46
162
79
50
57
114
141
112
51
138
166
93
54
96
40
110
105
125
143
79
68
79
62
15
5
100
43
85
129
11
139
88
93
113
102
90
124
72
164
48
139
61
159
138
103
116
33
122
147
69
12
109
4
98
87
159
32
80
126
106
135
150
135
52
117
108
43
141
65
157
37
65
147
37
60
68
85
97
56
80
69
170
72
11
70
136
152
113
124
139
134
156
37
89
22
146
102
80
73
15
108
4
96
166
125
63
49
-227
129
122
14
117
79
106
55
115
58
112
150
1
46
40
104
48
14
83
137
63
166
21
5
145
17
31
58
89
64
49
23
169
145
25
70
105
169
169
145
15
157
127
56
129
61
140
24
23
161
144
137
128
84
156
154
-451
167
133
164
85
157
13
152
123
65
3
84
128
102
95
73
27
134
68
141
17
161
102
135
48
46
34
70
116
153
58
158
35
135
76
77
42
87
151
16
67
11
17
38
15
55
61
48
41
94
142
166
162
35
115
138
73
24
95
147
20
66
107
82
151
126
73
69
42
136
14
102
3
128
45
68
129
156
76
23
81
28
105
63
161
143
83
69
170
21
80
70
57
38
12
88
5
17
148
47
72
46
34
83
153
116
51
95
117
40
71
59
75
110
11
136
120
128
114
52
63
62
166
32
168
94
71
23
149
47
137
52
65
156
69
34
30
157
137
19
43
144
139
149
15
82
44
34
48
161
14
58
20
8
131
135
136
13
126
67
117
49
142
102
100
57
20
91
88
75
156
20
164
135
77
52
88
90
100
49
55
126
138
8
74
82
96
49
167
146
19
28
153
78
28
-127
105
164
135
4
8
140
137
40
91
62
159
78
110
132
141
166
104
125
33
51
32
42
56
118
29
90
131
11
165
28
127
90
108
9
121
41
69
135
18
20
102
96
168
9
141
14
124
167
119
18
59
103
72
118
57
34
21
3
47
130
31
161
138
-399
99
122
53
169
63
131
20
1
12
169
18
83
48
90
157
154
76
11
68
41
120
21
76
8
115
119
105
82
116
1
118
128
145
49
-465
92
157
132
64
25
21
64
162
100
159
12
134
98
159
8
-221
23
57
167
157
122
12
126
66
59
95
102
103
55
124
64
158
107
3
12
54
51
149
34
157
150
150
98
60
11
117
29
17
60
122
164
62
49
124
1
30
72
21
161
166
88
118
19
21
69
63
104
133
3
126
126
-472
47
130
58
50
92
39
143
152
44
50
75
51
148
36
61
32
126
138
35
110
26
24
76
102
32
131
149
94
144
91
168
152
132
128
63
162
93
164
28
159
146
166
164
154
128
96
115
17
82
167
110
49
63
63
145
149
43
160
128
88
23
146
71
42
24
28
28
44
10
153
47
16
40
78
1
35
112
135
40
40
74
83
158
89
45
142
146
2
158
75
143
12
119
119
110
74
26
62
97
90
53
126
164
108
74
158
39
141
148
29
106
29
83
89
78
126
38
55
113
160
104
78
79
35
69
145
169
110
22
43
26
85
105
20
144
119
9
57
36
161
55
117
169
22
146
87
9
87
131
63
34
84
64
1
169
50
64
109
60
132
11
14
63
54
96
68
169
109
169
148
22
22
87
6
17
38
86
40
144
166
6
135
93
162
87
123
122
12
76
145
27
69
36
139
23
129
134
149
135
14
29
71
111
144
16
132
105
144
91
9
137
95
17
158
109
20
147
-360
47
148
107
140
144
29
143
-284
95
113
127
26
79
58
51
131
24
30
127
63
34
11
165
82
81
73
164
61
30
85
29
102
79
48
118
105
88
135
49
89
169
96
39
13
59
121
57
2
83
136
144
26
43
80
108
6
85
16
99
42
141
5
38
145
110
169
95
123
124
138
79
65
54
68
39
160
36
71
59
10
143
136
156
54
32
163
162
72
110
139
118
75
12
51
93
105
166
134
153
122
164
38
145
126
165
49
109
2
27
28
156
65
62
167
30
153
74
7
93
31
99
145
48
109
40
166
32
47
-449
13
22
170
55
19
97
114
75
66
38
96
19
57
115
66
86
14
129
165
75
145
18
163
4
31
153
117
129
100
57
24
87
142
165
66
119
84
140
54
96
11
101
137
11
143
121
97
100
68
52
75
2
24
52
113
77
95
110
146
107
73
161
18
150
48
69
5
153
85
34
109
143
133
26
82
72
111
40
127
21
52
100
30
95
37
59
38
106
96
35
118
115
137
115
124
105
89
41
130
107
100
93
101
73
149
162
98
51
146
101
80
166
161
36
143
170
12
20
92
95
141
22
154
64
102
98
23
10
78
27
156
81
25
16
16
24
88
93
93
10
101
67
39
144
110
64
67
41
120
46
101
90
23
126
102
11
167
123
162
12
46
42
132
26
47
36
78
31
121
56
40
39
77
167
168
97
82
153
25
116
10
97
135
56
84
111
153
42
70
81
136
84
22
107
115
24
141
88
110
112
110
142
141
120
99
64
115
167
84
69
155
154
153
122
145
148
99
100
168
35
128
-453
110
20
141
28
58
47
9
113
126
10
62
46
48
45
93
9
75
167
7
22
73
103
41
17
135
160
114
118
164
6
126
28
71
139
40
155
120
27
58
8
13
134
13
28
96
36
33
18
87
88
164
128
36
6
90
12
133
47
109
40
40
122
-189
41
39
53
86
25
17
151
116
5
20
170
37
105
8
113
164
68
168
55
83
158
78
77
141
142
143
170
56
75
142
116
76
51
61
1
60
43
85
55
129
105
12
39
61
88
137
164
145
106
40
28
159
14
32
122
4
72
29
145
162
104
93
100
83
31
17
-107
155
170
130
122
111
165
114
94
124
1
147
114
112
128
62
86
129
95
6
117
2
65
170
42
121
157
74
114
80
103
35
24
71
63
58
145
112
132
102
145
26
107
79
169
52
138
161
10
64
118
158
11
74
65
87
106
25
8
35
11
114
170
77
118
142
83
28
81
61
130
43
80
67
79
154
138
64
74
128
91
25
117
98
145
65
29
121
36
162
11
4
101
23
89
130
96
45
14
94
148
8
79
86
3
24
165
122
30
80
109
31
87
165
103
166
16
162
75
123
100
20
156
67
26
78
25
146
114
36
76
68
50
85
43
58
117
139
85
156
141
150
130
121
93
113
2
154
73
5
47
146
161
116
66
21
34
90
70
80
106
133
64
130
113
81
43
72
117
18
150
3
59
61
133
113
149
43
57
132
47
153
170
154
130
48
96
157
165
50
93
103
24
67
107
104
168
126
34
127
169
119
35
50
114
138
129
75
54
107
112
148
49
106
35
-392
125
49
54
8
72
138
113
41
81
71
77
51
68
96
47
112
111
141
28
84
132
28
55
50
170
88
93
116
89
15
148
115
98
64
166
88
102
84
125
14
168
18
6
93
110
149
79
36
92
110
34
3
167
150
28
155
93
83
30
55
141
34
101
4
165
79
133
139
134
79
129
119
112
23
44
124
69
18
153
94
54
73
88
27
169
96
102
79
38
158
24
156
95
109
85
23
17
93
15
64
67
70
131
107
155
161
81
78
24
51
152
117
44
86
57
27
45
144
3
66
4
153
90
24
70
79
128
49
128
44
98
86
23
131
163
159
38
115
55
16
60
33
7
151
91
116
164
33
43
24
127
122
108
57
67
91
25
137
62
88
45
80
65
142
105
48
44
2
115
107
20
89
18
6
97
89
122
38
104
77
73
55
116
130
65
129
96
30
134
32
21
52
116
51
170
10
140
37
120
67
78
57
131
19
78
68
98
169
17
108
146
106
23
112
105
112
110
136
30
154
92
8
121
124
148
52
45
104
82
47
112
58
4
162
73
91
39
161
102
37
153
9
155
16
149
57
70
120
82
101
159
46
135
28
76
31
146
107
20
114
170
68
34
16
160
66
111
46
34
24
128
126
149
137
27
35
99
12
1
115
109
1
83
69
59
24
127
134
75
83
-105
31
32
116
114
32
130
105
38
133
148
109
58
126
160
62
78
119
108
48
39
89
55
78
169
40
128
155
59
39
106
63
62
118
103
111
57
149
170
21
121
49
132
106
18
39
125
67
47
53
168
135
30
104
132
55
64
130
52
86
163
40
126
170
170
95
132
61
67
32
14
117
76
9
55
122
115
38
62
137
19
107
3
74
62
21
137
134
159
86
147
61
99
147
168
27
120
73
43
-48
53
63
119
94
39
160
4
107
92
24
72
158
30
103
120
51
118
119
84
8
142
89
131
129
114
143
74
58
130
140
137
63
66
25
134
95
29
116
135
80
148
83
117
122
63
15
45
45
35
83
19
169
66
45
13
162
158
95
150
37
66
85
126
71
62
98
95
30
15
43
158
125
144
132
75
1
-173
154
8
35
99
102
-21
30
25
141
2
61
108
120
88
75
150
52
44
138
110
5
10
21
13
128
39
66
55
158
103
166
38
36
27
151
14
157
119
112
-314
39
96
168
73
71
15
141
58
115
97
10
137
97
159
132
33
33
80
126
78
39
25
127
70
29
104
70
112
64
60
110
98
21
170
109
121
55
48
158
31
101
71
100
7
54
82
101
86
45
81
21
93
35
72
42
23
59
165
65
161
170
46
45
133
17
6
160
147
153
166
30
138
31
17
146
93
148
130
47
5
69
132
102
75
92
19
128
68
40
-154
9
48
95
-162
85
127
56
170
44
146
68
108
137
151
167
128
78
86
139
36
80
54
81
91
12
36
16
77
41
-363
82
53
13
165
10
158
155
166
133
10
122
6
108
142
13
80
154
8
65
45
164
137
109
147
25
118
123
170
156
10
16
111
37
160
29
160
164
165
48
96
86
21
31
47
147
49
63
30
135
65
132
108
147
134
123
135
22
62
97
150
115
23
75
85
109
155
5
28
151
25
23
87
91
106
152
32
20
31
54
25
40
80
14
43
78
-284
31
123
25
70
150
26
169
49
122
56
113
98
96
73
96
144
168
141
153
97
111
20
167
46
53
139
98
44
44
169
-328
20
147
24
169
116
68
81
71
114
168
157
50
52
107
56
8
163
10
163
53
142
152
82
125
163
58
74
63
113
40
117
84
131
131
53
88
37
84
153
134
118
44
105
77
124
21
103
131
63
84
105
4
30
50
74
10
165
12
53
122
99
140
35
6
155
135
167
43
162
44
66
59
64
100
85
108
72
88
139
17
143
74
168
50
116
137
60
80
159
97
82
119
140
53
33
49
84
93
40
135
88
155
104
125
5
125
2
94
104
32
145
52
153
146
102
38
64
63
92
126
36
113
20
78
45
34
2
90
92
52
168
114
69
65
74
51
11
59
11
124
169
168
87
34
8
49
48
101
164
72
124
142
140
163
12
140
9
151
79
92
77
98
46
137
2
90
65
167
28
42
7
135
70
89
-140
133
159
85
19
137
139
134
131
33
49
168
29
4
147
7
163
36
152
166
165
133
127
166
30
31
100
56
81
166
95
24
111
62
104
19
147
95
56
99
9
102
76
71
84
116
103
145
47
58
169
-59
56
120
168
170
13
124
92
124
95
24
50
106
125
91
18
13
126
161
130
129
98
51
159
20
169
124
23
23
79
9
151
9
12
30
13
161
11
91
27
152
28
14
166
27
103
48
10
157
23
49
98
2
53
138
87
28
81
21
19
103
53
15
43
100
20
82
6
100
58
57
165
122
157
109
3
88
34
154
129
61
33
144
5
106
56
143
22
167
138
51
125
8
169
78
100
23
7
47
169
47
48
33
152
26
137
131
83
139
36
43
30
44
122
7
157
6
170
59
41
52
37
159
148
80
153
109
43
150
72
77
73
30
73
95
64
121
82
96
136
27
79
94
67
46
69
1
151
92
18
29
11
-477
166
103
56
72
77
139
162
149
85
141
51
169
12
131
51
62
98
124
114
57
141
4
142
167
156
148
37
98
106
153
82
87
16
56
69
135
11
30
20
13
43
117
86
22
81
2
160
78
134
163
81
77
68
93
55
79
103
71
68
108
159
53
90
128
25
10
28
161
121
4
165
19
77
68
16
153
62
67
10
50
145
56
88
75
28
17
158
113
152
117
49
117
117
62
34
36
140
165
94
104
84
10
134
120
125
46
106
91
4
32
158
102
104
168
163
166
96
101
148
41
131
20
67
168
115
98
42
27
166
68
6
138
39
-307
26
147
8
17
170
83
169
125
99
70
103
-150
129
26
97
87
149
168
15
62
162
99
57
93
134
4
123
73
75
41
134
82
94
47
79
84
155
53
124
91
86
68
132
38
56
19
16
147
148
4
98
62
153
19
170
122
89
24
63
34
59
83
161
77
26
56
41
25
22
4
55
141
168
17
170
157
81
25
15
50
98
132
49
5
55
18
29
12
68
122
167
64
78
89
153
147
26
89
24
88
53
52
21
157
53
7
98
65
5
155
104
-87
165
3
85
77
132
151
26
82
162
105
122
75
81
104
63
22
147
87
24
160
8
27
103
125
137
40
117
117
112
105
156
98
49
118
52
21
81
129
116
71
163
124
76
142
80
54
99
170
41
162
95
58
35
154
75
82
133
32
159
102
106
136
25
70
134
3
137
161
53
104
101
163
163
7
67
80
133
39
76
121
34
31
52
82
168
52
96
38
85
35
36
130
148
43
93
140
83
109
107
52
34
129
61
109
19
154
2
57
162
73
156
168
128
170
121
38
13
149
39
145
51
122
123
-383
155
87
90
151
63
128
137
71
122
101
84
166
93
71
146
165
106
132
11
164
36
50
22
136
83
104
77
74
150
67
115
157
4
122
26
144
72
78
5
81
85
155
114
65
80
117
39
139
109
53
112
39
47
4
12
21
11
87
167
81
32
46
159
86
109
48
137
13
146
73
27
49
36
61
7
3
101
106
111
100
158
113
98
6
57
107
154
96
86
87
113
64
14
45
158
165
129
87
12
38
45
97
28
109
119
89
122
55
19
26
18
131
52
117
148
2
136
96
142
67
37
129
45
43
